#TESTNET CREDENTIALS

OPERATOR_ID=0.0.3885316
OPERATOR_PBKEY=302a300506032b6570032100055c07a636ee6488252c99afdd0516663b3a9d5bafb2eeb03db2cec0d16a2976
OPERATOR_PVKEY=302e020100300506032b6570042204204f91e0cfcfd0ed0430e6f531dceb94216592006d5f319d3a3a85c822d7791320

# ------------------------------------------------------------------------------------------

FIRST_ACCOUNT=0.0.3981394 
FIRST_PUBLIC_KEY=302a300506032b657003210042d59bb6b45b6f20bf3638ab725149b81ffb3a22550fc1b5477124bfe3d01763
FIRST_PRIVATE_KEY=302e020100300506032b6570042204203e936c2af4c4f2f67b97b610ae9d6cd902894f867d9bc7d9f61e5ff3f198088e

# --------------------------------------------------------------------------------------------------

SECOND_ACCOUNT=0.0.3981395
SECOND_PUBLIC_KEY=302a300506032b65700321009f016f29abc7326d5b9baadf2dc1e8bede4189103971f19add69bcc4beaa50f8
SECOND_PRIVATE_KEY=302e020100300506032b65700422042044578c82c249166ff190750d948983321d4f3fc88ec5f9db17478f9dccdc4b27

# ----------------------------------------------------------------------------------------------------------
THIRD_ACCOUNT=0.0.3981396
THIRD_PUBLIC_KEY=302a300506032b65700321000a18da92313d41ff0c0ba55df8c037ddf00735c8935ad41d05df2e1c7d137d32
THIRD_PRIVATE_KEY=302e020100300506032b657004220420308cb681ffa8eae22709f82d1f743a7f3d4171027c3115321a8bbf4f9fbe07bd

# ---------------------------------------------------------------------------------------------------------

FOURTH_ACCOUNT=0.0.3981397
FOURTH_PUBLIC_KEY=302a300506032b657003210023a29c34076a53281d89ad7916531e85505e9e65e9ac7f7e25bf1c3f9d4bfe34
FOURTH_PRIVATE_KEY=302e020100300506032b657004220420a637f9d0c20cc1fe089e1d691ec4a4ac3c13cba34217f2478c13aebc9a3db130

# --------------------------------------------------------------------------------------------

FIFTH_ACCOUNT=0.0.3981398
FIFTH_PUBLIC_KEY=302a300506032b6570032100cd049c5b273798b4bf651912ff57f4abdd60bf65d85244d0db17ed6e6d341c56
FIFTH_PRIVATE_KEY=302e020100300506032b65700422042062818012b9a2f962304fd3f807ac3cdc0623c7a496906bfa4eee741315ae4abf









